271,7
271,6
271,5
271,4
271,3
271,2
271,1
271,0
270,6
270,5
270,4
270,3
270,2
270,1
270,0
269,5
269,4
269,3
269,2
269,1
269,0
268,4
268,3
268,2
268,1
268,0
267,3
267,2
267,1
267,0
266,4
266,3
266,2
266,1
266,0
265,3
265,2
265,1
265,0
264,4
264,3
264,2
264,1
264,0
263,3
263,2
263,1
263,0
262,4
262,3
262,2
262,1
262,0
261,3
261,2
261,1
261,0
260,4
260,3
260,2
260,1
260,0
259,3
259,2
259,1
259,0
258,7
258,6
258,5
258,4
258,3
258,2
258,1
258,0
257,6
257,5
257,4
257,3
257,2
257,1
257,0
256,5
256,4
256,3
256,2
256,1
256,0
255,4
255,3
255,2
255,1
255,0
254,3
254,2
254,1
254,0
253,7
253,6
253,5
253,4
253,3
253,2
253,1
253,0
252,6
252,5
252,4
252,3
252,2
252,1
252,0
251,5
251,4
251,3
251,2
251,1
251,0
250,4
250,3
250,2
250,1
250,0
249,3
249,2
249,1
249,0
248,9
248,8
248,7
248,6
248,5
248,4
248,3
248,2
248,1
248,0
247,8
247,7
247,6
247,5
247,4
247,3
247,2
247,1
247,0
246,7
246,6
246,5
246,4
246,3
246,2
246,1
246,0
245,6
245,5
245,4
245,3
245,2
245,1
245,0
244,5
244,4
244,3
244,2
244,1
244,0
243,4
243,3
243,2
243,1
243,0
242,3
242,2
242,1
242,0
241,3
241,2
241,1
241,0
240,10
240,9
240,8
240,7
240,6
240,5
240,4
240,3
240,2
240,1
240,0
239,9
239,8
239,7
239,6
239,5
239,4
239,3
239,2
239,1
239,0
238,8
238,7
238,6
238,5
238,4
238,3
238,2
238,1
238,0
237,7
237,6
237,5
237,4
237,3
237,2
237,1
237,0
236,6
236,5
236,4
236,3
236,2
236,1
236,0
235,5
235,4
235,3
235,2
235,1
235,0
234,4
234,3
234,2
234,1
234,0
233,3
233,2
233,1
233,0
232,10
232,9
232,8
232,7
232,6
232,5
232,4
232,3
232,2
232,1
232,0
231,9
231,8
231,7
231,6
231,5
231,4
231,3
231,2
231,1
231,0
230,8
230,7
230,6
230,5
230,4
230,3
230,2
230,1
230,0
229,7
229,6
229,5
229,4
229,3
229,2
229,1
229,0
228,6
228,5
228,4
228,3
228,2
228,1
228,0
227,5
227,4
227,3
227,2
227,1
227,0
226,4
226,3
226,2
226,1
226,0
225,3
225,2
225,1
225,0
224,3
224,2
224,1
224,0
223,3
223,2
223,1
223,0
222,3
222,2
222,1
222,0
221,3
221,2
221,1
221,0
220,3
220,2
220,1
220,0
219,4
219,3
219,2
219,1
219,0
218,3
218,2
218,1
218,0
217,4
217,3
217,2
217,1
217,0
216,3
216,2
216,1
216,0
215,3
215,2
215,1
215,0
214,3
214,2
214,1
214,0
213,5
213,4
213,3
213,2
213,1
213,0
212,4
212,3
212,2
212,1
212,0
211,4
211,3
211,2
211,1
211,0
210,3
210,2
210,1
210,0
209,7
209,6
209,5
209,4
209,3
209,2
209,1
209,0
208,6
208,5
208,4
208,3
208,2
208,1
208,0
207,5
207,4
207,3
207,2
207,1
207,0
206,4
206,3
206,2
206,1
206,0
205,3
205,2
205,1
205,0
204,4
204,3
204,2
204,1
204,0
203,3
203,2
203,1
203,0
202,4
202,3
202,2
202,1
202,0
201,3
201,2
201,1
201,0
200,4
200,3
200,2
200,1
200,0
199,3
199,2
199,1
199,0
198,4
198,3
198,2
198,1
198,0
197,3
197,2
197,1
197,0
0,383
196,7
196,6
196,5
196,4
196,3
196,2
0,382
196,1
196,0
0,381
0,380
0,379
0,378
195,6
0,377
0,376
195,5
195,4
195,3
195,2
0,375
195,1
195,0
0,374
194,5
194,4
194,3
194,2
194,1
194,0
0,373
193,4
193,3
193,2
193,1
193,0
192,3
192,2
192,1
192,0
0,372
191,7
191,6
191,5
191,4
191,3
191,2
0,371
191,1
191,0
0,370
0,369
0,368
190,6
190,5
190,4
190,3
190,2
190,1
190,0
189,5
189,4
189,3
189,2
189,1
189,0
0,367
0,366
188,4
188,3
188,2
188,1
188,0
187,3
187,2
187,1
187,0
0,365
186,9
186,8
186,7
186,6
186,5
186,4
186,3
186,2
0,364
186,1
186,0
185,8
185,7
185,6
